data.1
150
79 63 83
23 55 95
2 35 73
94 95 87
66 20 65
87 22 59
2 7 14
19 96 91
50 58 79
25 10 95
36 4 39
87 73 74
55 76 52
14 25 13
68 45 10
11 80 93
14 89 56
58 97 98
17 99 71
34 46 20
88 80 49
98 37 68
53 3 8
7 41 28
2 20 56
15 7 9
89 12 69
46 61 22
15 37 28
42 1 55
66 97 99
50 66 28
28 88 86
45 56 47
18 63 18
72 64 4
23 25 29
20 67 40
2 99 60
46 20 21
68 55 81
98 7 52
2 19 2
65 22 31
69 47 53
80 85 66
87 52 46
60 62 8
22 81 63
3 14 70
85 98 36
24 96 92
95 91 40
95 25 96
36 65 45
2 61 35
67 34 45
71 33 94
18 27 13
18 95 95
32 15 84
15 31 82
72 27 81
30 45 77
41 86 25
29 39 84
71 50 63
51 22 20
1 26 58
71 50 97
27 69 53
98 9 96
15 98 30
73 39 63
87 61 26
49 4 18
97 57 19
74 79 3
29 80 84
50 24 46
32 81 70
13 28 50
55 38 49
40 14 90
4 92 64
82 86 23
89 85 38
43 87 63
88 70 87
10 2 19
13 8 8
93 26 48
58 56 22
60 56 74
2 91 82
30 74 67
73 88 16
84 56 74
51 58 57
80 74 2
92 93 37
9 18 18
53 35 12
77 76 45
84 43 49
57 58 9
27 34 77
26 26 85
95 79 57
61 36 97
5 29 52
67 69 19
88 99 27
37 97 90
2 52 33
32 62 78
94 76 58
18 51 86
82 41 11
39 9 33
99 56 47
88 65 68
68 84 35
33 21 60
86 66 4
34 95 52
75 10 52
30 90 38
51 51 81
35 86 21
40 30 21
10 41 89
82 70 46
1 72 48
26 81 65
3 72 31
51 8 43
31 28 28
74 68 86
87 39 77
52 76 88
79 15 26
51 96 99
36 61 36
46 85 30
5 22 98
12 29 66
65 67 9
58 69 95
78 96 73
50 14 73
51 93 95
12 20 8
99 27 72
38 84 52
72 78 34
73 73 65
39 38 21
10 49 56
35 6 11
44 58 60
96 5 91
68 34 94
51 84 94
9 45 76
89 98 32
72 74 71
16 25 17
42 83 53
24 62 50
99 29 90
62 99 36
30 48 6
49 97 42
91 18 74
31 61 17
98 81 45
90 74 26
70 48 57
79 46 33
47 47 51
4 96 48
95 1 45
78 27 21
49 45 79
35 52 54
39 9 22
27 39 32
53 5 9
55 2 22
11 1 26
6 32 68
40 80 80
51 23 35
45 16 86
45 17 7
29 29 92
29 31 30
96 65 17
46 27 71
