data.1
24
73 5 62
69 87 94
8 54 58
59 84 93
70 8 23
47 37 66
2 40 47
37 27 30
60 81 60
75 64 26
7 80 84
41 23 54
87 66 82
21 64 60
55 19 13
32 38 14
45 96 23
56 56 80
92 16 56
2 61 31
69 48 65
39 42 83
52 28 52
2 52 92
4 78 74
79 57 12
55 28 65
20 83 37
46 36 9
88 36 78
47 28 40
63 92 13
55 6 10
90 1 23
29 89 50
79 31 86
33 36 81
40 88 67
21 74 20
4 50 34
31 85 78
99 34 9
74 37 3
93 91 96
17 11 84
5 32 2
76 83 46
49 40 71
65 86 79
80 33 44 
42 58 89
45 75 67
35 85 34
13 42 20
57 71 88
46 76 53
54 59 94
7 29 85
58 57 2
3 98 2
51 47 35
86 38 98
21 98 33
47 87 33
91 25 1
48 1 46
21 60 7
36 71 19
23 18 4
50 80 40
86 41 33
84 59 94
88 89 75
84 29 85
31 54 33
63 38 15
16 80 10
55 12 72
12 56 24
14 25 81
74 85 53
59 76 27
21 33 23
91 35 80
24 61 99
69 4 15
49 70 85
4 54 4
81 69 2
35 22 67
82 47 72
12 25 78
71 42 25
6 80 31
59 43 63
95 32 57
13 85 36
40 11 72
12 72 73
43 17 87
15 11 23