data.1
24
13 3 28
20 30 17
26 14 21
17 1 38
18 18 15
6 26 9
15 26 6
31 24 18
27 10 12
40 38 9
25 36 31
16 36 39
34 21 18
23 12 7
20 8 4
9 21 32
10 7 44
12 23 28
41 26 24
11 37 21
5 30 21
13 37 10
7 2 26
20 16 5
36 36 14
43 12 16
14 19 33
24 31 31
9 14 14
4 20 11
16 24 28
42 19 27
31 7 15
39 2 20
7 35 36
40 20 31
15 42 14
8 41 19
32 26 44
34 4 24
41 4 26
16 5 37
21 38 18
31 13 5
2 20 18
14 18 41
40 14 38
27 34 23
41 8 27
10 11 37
28 42 3
35 43 42
38 35 30
44 19 26
14 28 30
10 7 22
1 18 8
3 39 35
31 14 15
4 20 42
10 12 28
25 4 16
2 11 21
20 21 27
11 41 40
12 13 6
38 32 1
5 9 37
30 25 4
13 5 29
27 35 16
32 34 8
43 33 25
15 8 40
2 26 42
25 37 42
40 20 2
9 10 32
41 5 3
36 40 23
12 34 7
37 37 31
12 23 7
32 14 25
26 24 24
6 4 28
40 5 33
6 17 29
28 19 25
28 36 29
5 7 38
2 3 19
33 10 33
12 14 14
35 8 7
21 28 31
9 36 2
19 41 35
34 7 17
23 9 19
